flow 1
Old route:
[13, 7, 4, 1, 2, 8, 3, 14]
New route:
[13, 9, 2, 5, 6, 4, 7, 14]
Mid route:
[13, 1, 2, 4, 6, 9, 7, 9, 3, 9, 6, 9, 7, 9, 6, 9, 5, 9, 8, 4, 9, 8, 9, 14]
Old nfs:
[3, 4]
New nfs:
[2, 3]
Trace:
[13, 1, 2, 4, 6, 4, 7, 14, 14, 14, 14, 14, 14, 14, 14, 14, 14, 14, 14, 14, 14, 14, 14, 14, 14, 14, 14, 14, 14, 14, 14, 14]
Packet action:
[0, 0, 0, 0, 1, 1, 1, 1, 1, 1, 1, 1, 1, 1, 1, 1, 1, 1, 1, 1, 1, 1, 1, 1, 1, 1, 1, 1, 1, 1, 1, 1]
Packet pros 0:[0, 0, 0, 1, 1, 1, 1, 1, 1, 1, 1, 1, 1, 1, 1, 1, 1, 1, 1, 1, 1, 1, 1, 1, 1, 1, 1, 1, 1, 1, 1, 1]
Packet pros 1:[0, 0, 0, 0, 0, 0, 0, 0, 0, 0, 0, 0, 0, 0, 0, 0, 0, 0, 0, 0, 0, 0, 0, 0, 0, 0, 0, 0, 0, 0, 0, 0]






flow 1
Old route:
[13, 10, 7, 6, 14, 1, 2, 15]
New route:
[13, 7, 5, 9, 3, 8, 4, 15]
Mid route:
[13, 4, 9, 4, 1, 2, 4, 6, 10, 7, 9, 14, 3, 8, 7, 5, 2, 8, 4, 7, 14, 7, 10, 15]
Old nfs:
[5, 6]
New nfs:
[3, 6]
Trace:
[13, 4, 9, 4, 1, 2, 4, 6, 10, 7, 9, 14, 3, 8, 7, 5, 2, 8, 4, 7, 5, 9, 3, 8, 4, 15, 15, 15, 15, 15, 15, 15]
Packet action:
[0, 0, 0, 0, 0, 0, 0, 0, 0, 0, 0, 0, 0, 0, 0, 0, 0, 0, 0, 1, 1, 1, 1, 1, 1, 1, 1, 1, 1, 1, 1, 1]
Packet pros 0:[0, 0, 0, 1, 1, 1, 1, 1, 1, 1, 1, 1, 1, 1, 1, 1, 1, 1, 1, 1, 1, 1, 1, 1, 1, 1, 1, 1, 1, 1, 1, 1]
Packet pros 1:[0, 0, 0, 0, 1, 1, 1, 1, 1, 1, 1, 1, 1, 1, 1, 1, 1, 1, 1, 1, 1, 1, 1, 1, 1, 1, 1, 1, 1, 1, 1, 1]

flow 2
Old route:
[14, 15, 3, 4, 1, 2, 5, 16]
New route:
[14, 9, 8, 6, 7, 10, 11, 16]
Mid route:
[14, 4, 6, 7, 15, 8, 11, 8, 3, 11, 7, 10, 15, 6, 8, 6, 15, 6, 8, 10, 6, 10, 6, 16]
Old nfs:
[1, 3]
New nfs:
[2, 3]
Trace:
[14, 4, 6, 7, 15, 8, 11, 8, 3, 11, 7, 10, 11, 16, 16, 16, 16, 16, 16, 16, 16, 16, 16, 16, 16, 16, 16, 16, 16, 16, 16, 16]
Packet action:
[0, 0, 0, 0, 0, 0, 0, 0, 0, 0, 0, 1, 1, 1, 1, 1, 1, 1, 1, 1, 1, 1, 1, 1, 1, 1, 1, 1, 1, 1, 1, 1]
Packet pros 0:[0, 0, 0, 0, 0, 0, 1, 1, 1, 1, 1, 1, 1, 1, 1, 1, 1, 1, 1, 1, 1, 1, 1, 1, 1, 1, 1, 1, 1, 1, 1, 1]
Packet pros 1:[0, 0, 0, 0, 0, 0, 0, 0, 0, 0, 0, 0, 0, 0, 0, 0, 0, 0, 0, 0, 0, 0, 0, 0, 0, 0, 0, 0, 0, 0, 0, 0]







flow 1
Old route:
[13, 6, 14, 4, 2, 15, 18, 16]
New route:
[13, 18, 2, 3, 17, 1, 5, 16]
Mid route:
[13, 5, 18, 17, 14, 17, 6, 17, 18, 6, 14, 4, 15, 14, 18, 15, 17, 5, 3, 18, 5, 2, 3, 16]
Old nfs:
[1, 2, 6]
New nfs:
[1, 2, 3]
Trace:
[13, 5, 18, 17, 14, 17, 6, 17, 18, 6, 14, 4, 15, 14, 18, 15, 17, 5, 3, 18, 5, 16, 16, 16, 16, 16, 16, 16, 16, 16, 16, 16]
Packet action:
[0, 0, 0, 0, 0, 0, 0, 0, 0, 0, 0, 0, 0, 0, 0, 0, 0, 0, 0, 0, 1, 1, 1, 1, 1, 1, 1, 1, 1, 1, 1, 1]
Packet pros 0:[0, 0, 0, 1, 1, 1, 1, 1, 1, 1, 1, 1, 1, 1, 1, 1, 1, 1, 1, 1, 1, 1, 1, 1, 1, 1, 1, 1, 1, 1, 1, 1]
Packet pros 1:[0, 0, 0, 0, 0, 0, 0, 0, 0, 0, 0, 0, 0, 0, 0, 0, 0, 0, 0, 0, 0, 0, 0, 0, 0, 0, 0, 0, 0, 0, 0, 0]
Packet pros 2:[0, 0, 0, 0, 0, 0, 0, 0, 0, 0, 0, 0, 0, 0, 0, 0, 0, 0, 0, 0, 0, 0, 0, 0, 0, 0, 0, 0, 0, 0, 0, 0]

flow 2
Old route:
[14, 5, 1, 18, 8, 7, 4, 17]
New route:
[14, 6, 7, 3, 5, 2, 17, 17]
Mid route:
[14, 5, 3, 5, 3, 5, 3, 5, 1, 5, 4, 5, 6, 7, 5, 2, 3, 5, 2, 5, 7, 8, 2, 17]
Old nfs:
[2, 5, 6]
New nfs:
[4, 5, 6]
Trace:
[14, 6, 7, 3, 5, 2, 17, 17, 17, 17, 17, 17, 17, 17, 17, 17, 17, 17, 17, 17, 17, 17, 17, 17, 17, 17, 17, 17, 17, 17, 17, 17]
Packet action:
[1, 1, 1, 1, 1, 1, 1, 1, 1, 1, 1, 1, 1, 1, 1, 1, 1, 1, 1, 1, 1, 1, 1, 1, 1, 1, 1, 1, 1, 1, 1, 1]
Packet pros 0:[0, 0, 0, 0, 0, 1, 1, 1, 1, 1, 1, 1, 1, 1, 1, 1, 1, 1, 1, 1, 1, 1, 1, 1, 1, 1, 1, 1, 1, 1, 1, 1]
Packet pros 1:[0, 0, 0, 0, 0, 0, 1, 1, 1, 1, 1, 1, 1, 1, 1, 1, 1, 1, 1, 1, 1, 1, 1, 1, 1, 1, 1, 1, 1, 1, 1, 1]
Packet pros 2:[0, 0, 0, 0, 0, 0, 0, 1, 1, 1, 1, 1, 1, 1, 1, 1, 1, 1, 1, 1, 1, 1, 1, 1, 1, 1, 1, 1, 1, 1, 1, 1]

flow 3
Old route:
[15, 7, 2, 1, 16, 10, 3, 18]
New route:
[15, 8, 9, 5, 2, 4, 6, 18]
Mid route:
[15, 7, 2, 4, 6, 8, 4, 8, 10, 1, 3, 6, 9, 16, 6, 10, 9, 6, 4, 5, 6, 5, 3, 18]
Old nfs:
[1, 2, 3]
New nfs:
[4, 5, 6]
Trace:
[15, 7, 2, 4, 6, 8, 4, 8, 10, 1, 3, 6, 9, 16, 6, 10, 9, 6, 4, 5, 6, 5, 2, 4, 6, 18, 18, 18, 18, 18, 18, 18]
Packet action:
[0, 0, 0, 0, 0, 0, 0, 0, 0, 0, 0, 0, 0, 0, 0, 0, 0, 0, 0, 0, 0, 1, 1, 1, 1, 1, 1, 1, 1, 1, 1, 1]
Packet pros 0:[0, 0, 0, 1, 1, 1, 1, 1, 1, 1, 1, 1, 1, 1, 1, 1, 1, 1, 1, 1, 1, 1, 1, 1, 1, 1, 1, 1, 1, 1, 1, 1]
Packet pros 1:[0, 0, 0, 0, 1, 1, 1, 1, 1, 1, 1, 1, 1, 1, 1, 1, 1, 1, 1, 1, 1, 1, 1, 1, 1, 1, 1, 1, 1, 1, 1, 1]
Packet pros 2:[0, 0, 0, 0, 0, 1, 1, 1, 1, 1, 1, 1, 1, 1, 1, 1, 1, 1, 1, 1, 1, 1, 1, 1, 1, 1, 1, 1, 1, 1, 1, 1]
